[gd_scene load_steps=15 format=3 uid="uid://bv3q4qx2vsd4u"]

[ext_resource type="Script" path="res://Scripts/main.gd" id="1_oacss"]
[ext_resource type="Material" uid="uid://bx6qeabdhq2s" path="res://addons/kenney_prototype_tools/materials/dark/material_01.tres" id="1_v7lbm"]
[ext_resource type="PackedScene" uid="uid://dbv58oymyvhax" path="res://Scenes/xr_origin_3d.tscn" id="2_cwg4q"]
[ext_resource type="PackedScene" uid="uid://imyocjyp22p2" path="res://Scenes/fps_controller.tscn" id="3_mirw0"]
[ext_resource type="PackedScene" uid="uid://cq10lbaasnp4r" path="res://Scenes/pumpkin_simple.tscn" id="4_3nl3f"]
[ext_resource type="Script" path="res://Scripts/projectile_manager.gd" id="5_2ticr"]
[ext_resource type="Material" uid="uid://dv8yeslwdnoa7" path="res://addons/kenney_prototype_tools/materials/orange/material_08.tres" id="5_mg5hh"]
[ext_resource type="Material" uid="uid://d0hicg0fjb7jg" path="res://addons/kenney_prototype_tools/materials/green/material_08.tres" id="6_of8sc"]
[ext_resource type="PackedScene" uid="uid://btg7dswluaru7" path="res://Scenes/pickable_shotgun.tscn" id="8_bia2o"]
[ext_resource type="PackedScene" uid="uid://cpmner8e001xm" path="res://Scenes/pickable_pistol.tscn" id="10_6j646"]
[ext_resource type="PackedScene" uid="uid://bq6svnyqgku1j" path="res://Scenes/pickable_axe.tscn" id="11_u6bl3"]

[sub_resource type="ProceduralSkyMaterial" id="ProceduralSkyMaterial_bnwfv"]
sky_horizon_color = Color(0.64625, 0.65575, 0.67075, 1)
ground_horizon_color = Color(0.64625, 0.65575, 0.67075, 1)

[sub_resource type="Sky" id="Sky_kogdk"]
sky_material = SubResource("ProceduralSkyMaterial_bnwfv")

[sub_resource type="Environment" id="Environment_54fll"]
background_mode = 2
sky = SubResource("Sky_kogdk")
tonemap_mode = 2
glow_enabled = true
adjustment_enabled = true
adjustment_contrast = 1.15
adjustment_saturation = 1.15

[node name="Main" type="Node3D"]
script = ExtResource("1_oacss")
xr_controller = ExtResource("2_cwg4q")
normal_controller = ExtResource("3_mirw0")

[node name="DirectionalLight3D" type="DirectionalLight3D" parent="."]
transform = Transform3D(-0.866023, -0.433016, 0.250001, 0, 0.499998, 0.866027, -0.500003, 0.749999, -0.43301, 0, 0, 0)
shadow_enabled = true

[node name="WorldEnvironment" type="WorldEnvironment" parent="."]
environment = SubResource("Environment_54fll")

[node name="SpawnPosition" type="Marker3D" parent="."]
unique_name_in_owner = true
transform = Transform3D(1, 0, 0, 0, 1, 0, 0, 0, 1, 4.76837e-07, 1.65633, 11.668)

[node name="CSGCombiner3D" type="CSGCombiner3D" parent="."]
use_collision = true

[node name="CSGBox3D" type="CSGBox3D" parent="CSGCombiner3D"]
transform = Transform3D(1, 0, 0, 0, 1, 0, 0, 0, 1, 0, -0.2, -63.4233)
material_override = ExtResource("1_v7lbm")
size = Vector3(30, 0.394, 156.847)
material = ExtResource("1_v7lbm")

[node name="CSGBox3D2" type="CSGBox3D" parent="CSGCombiner3D"]
transform = Transform3D(1, 0, 0, 0, 1, 0, 0, 0, 1, -0.0130825, 0.284252, 8.82599)
size = Vector3(11.7676, 1.54596, 1)
material = ExtResource("5_mg5hh")

[node name="CSGBox3D3" type="CSGBox3D" parent="CSGCombiner3D"]
transform = Transform3D(1, 0, 0, 0, 1, 0, 0, 0, 1, -4.48154, 1.6549, -18.1781)
size = Vector3(1, 3.52136, 1)
material = ExtResource("6_of8sc")

[node name="ProjectileManager" type="Node3D" parent="."]
script = ExtResource("5_2ticr")

[node name="pumpkin simple" parent="." instance=ExtResource("4_3nl3f")]
transform = Transform3D(-4.37114e-08, 0, -1, 0, 1, 0, 1, 0, -4.37114e-08, -4.5489, 4.10091, -18.1591)

[node name="pumpkin simple2" parent="." instance=ExtResource("4_3nl3f")]
transform = Transform3D(-4.37114e-08, 0, -1, 0, 1, 0, 1, 0, -4.37114e-08, 2.4153, 0.8, 1.65147)

[node name="pumpkin simple3" parent="." instance=ExtResource("4_3nl3f")]
transform = Transform3D(-4.37114e-08, 0, -1, 0, 1, 0, 1, 0, -4.37114e-08, 0.0991888, 0.8, 0.506477)

[node name="pumpkin simple4" parent="." instance=ExtResource("4_3nl3f")]
transform = Transform3D(-4.37114e-08, 0, -1, 0, 1, 0, 1, 0, -4.37114e-08, 0.0991888, 0.8, -40.5927)

[node name="pumpkin simple5" parent="." instance=ExtResource("4_3nl3f")]
transform = Transform3D(-4.37114e-08, 0, -1, 0, 1, 0, 1, 0, -4.37114e-08, 0.0991888, 0.8, -78.9804)

[node name="pumpkin simple6" parent="." instance=ExtResource("4_3nl3f")]
transform = Transform3D(-4.37114e-08, 0, -1, 0, 1, 0, 1, 0, -4.37114e-08, 0.0991888, 0.8, -127.306)

[node name="PickableObject" parent="." instance=ExtResource("8_bia2o")]
transform = Transform3D(-3.09086e-08, -0.707107, 0.707107, 1, -4.37114e-08, 0, 3.09086e-08, 0.707107, 0.707107, 1.53666, 1.14272, 8.90989)

[node name="PickableObject2" parent="." instance=ExtResource("10_6j646")]
transform = Transform3D(3.78552e-08, -0.866025, -0.5, -1, -4.37114e-08, 0, -2.18557e-08, 0.5, -0.866025, 0.698253, 1.13061, 8.96146)

[node name="PickableObject4" parent="." instance=ExtResource("10_6j646")]
transform = Transform3D(3.78552e-08, -0.866025, -0.5, -1, -4.37114e-08, 0, -2.18557e-08, 0.5, -0.866025, 1.03452, 1.13061, 9.1152)

[node name="PickableObject3" parent="." instance=ExtResource("11_u6bl3")]
transform = Transform3D(-0.0157926, -0.499751, -0.866025, 0.999501, -0.0315852, 0, -0.0273536, -0.865593, 0.5, 0.297539, 1.14373, 9.18903)
